\ifdefined\COMPILINGMAIN
% Main file is compiling this section, skip the preamble
\else
% Individual file compilation
\documentclass[11pt]{article}
\input{../Preamble.tex}  % Include the main preamble
\begin{document}
\fi

\begin{appendices}
\numberwithin{equation}{section}
\numberwithin{figure}{section}
\addtocontents{toc}{\protect\setcounter{tocdepth}{0}}


\section{Other sampling strategies}\label{section: Appendix-sample}
\begin{figure}[h!]
  \begin{center}
  \caption{Uniform grid sampling strategy} 
  \label{fig: uniform_grid}
  \includegraphics[scale=0.34]{uniform_grid.png}
  \end{center}
  \floatfoot{\textbf{Note:} Sample consists of $N=200$ points.}
  \end{figure}

  \begin{figure}[h!]
    \begin{center}
    \caption{Naive random sampling strategy} 
    \label{fig: random_sample}
    \includegraphics[scale=0.34]{naive_sampling_strategy.png}
    \end{center}
    \floatfoot{\textbf{Note:} Sample consists of $N=200$ points.}
    \end{figure}

\section{Extended asset space parameters}\label{section: Extended asset universe}

\[
\mu = 
\begin{bmatrix}
0.0572 \\
0.0638 \\
0.07 \\
0.0764 \\
0.0828 \\
0.06 \\
0.07 \\
\end{bmatrix}
\]

\[
\Sigma = 
\begin{bmatrix}
0.0256 & 0.00576 & 0.00288 & 0.00176 & 0.00096 & 0.002 & -0.001 \\
0.00576 & 0.0324 & 0.00904 & 0.01069 & 0.01296 & 0 & -0.002 \\
0.00288 & 0.00904 & 0.04 & 0.0132 & 0.0168 & 0 & -0.0015 \\
0.00176 & 0.01069 & 0.0132 & 0.0484 & 0.02112 & 0 & -0.001 \\
0.00096 & 0.01296 & 0.0168 & 0.02112 & 0.0576 & 0 & -0.0005 \\
0.002 & 0 & 0 & 0 & 0 & 0.02 & 0 \\
-0.001 & -0.002 & -0.0015 & -0.001 & -0.0005 & 0 & 0.025 \\
\end{bmatrix}
\]

\[
% \text{}
\operatorname{Corr} =
\begin{bmatrix}
1 & 0.2 & 0.09 & 0.05 & 0.025 & 0.0884 & -0.0395 \\
0.2 & 1 & 0.2512 & 0.27 & 0.3 & 0 & -0.0703 \\
0.09 & 0.2512 & 1 & 0.3 & 0.35 & 0 & -0.0474 \\
0.05 & 0.27 & 0.3 & 1 & 0.4 & 0 & -0.0287 \\
0.025 & 0.3 & 0.35 & 0.4 & 1 & 0 & -0.0132 \\
0.0884 & 0 & 0 & 0 & 0 & 1 & 0 \\
-0.0395 & -0.0703 & -0.0474 & -0.0287 & -0.0132 & 0 & 1 \\
\end{bmatrix}
\]

\end{appendices}
\ifdefined\COMPILINGMAIN
% Main file is compiling this section, skip the end
\else
% \printbibliography
\end{document}
\fi